id,trans
filename,scene_evt241115_cp0_q2_s10
translator,gpt-4o-latest
info,scene_evt241115_cp0_q2_s10
194,　　　　　　　待续……
188,面对两人突然的消失，\n在场的所有人\n都惊呆了……
187,消，消失了啊啊啊啊！？
185,不，不会吧……！？\n维尔德拉和米莉姆……
184,诶……？
183,米莉姆和维尔德拉消失了。
177,就在露·欧想逼问两人时──
176,什么……？\n你们打算──
175,哼哼，已经够了！\n我们也完成了！ 时间拖延！\n演技可以停止了！
174,喂，怎么可能没问题！\n我真的要生气了，维尔德拉……！
173,不！ 没问题！！
172,好了，你们也道歉吧。
171,不不，是我们这边的人\n给你们添了不少麻烦……
170,而且这次的Bug，\n真的很奇怪……不，\n真的给你们添麻烦了……
168,这种方式是对空之世界\n影响最小的安全路线。\n其他的就会直接崩溃END……
166,在遇到维尔之后，\n以六龙为起点\n进行了一番计算……
164,是啊……？\n一开始就那样传达\n不就好了……？
163,被放任了吗！？\n有这样的情况的话\n你们也可以说一下的……
162,想说逃跑的话\n可能会去找利姆。
161,嗯……？ 等等？\n我没听说过这个？\n明明一起被抓住了……
160,哦～原来如此～怪不得\n没有去尝试的意图。\n试炼只是个名字而已。
159,啊，原来如此……\n试炼果然就是为了\n拖延时间，我明白了……
158,这样一来，幽闭并限制行动\n就成了最优先的选择……\n我们六龙就是得出这个结论的。
157,消失掉是最好的……\n但那也不容易实现。
156,总之，如果他们随便行动，\n会对空之世界产生什么影响\n是无法预测的。
155,这不是说话的时候吧……\n不光是添麻烦，还\n差点毁了异世界……
154,我也对这力量\n感到可怕呢……
153,是、是这样吗！？\n不愧是我！！
152,维尔德拉他们来到\n空之世界的瞬间，\n世界就产生了裂缝。
151,因为加上了米莉姆强大的魔力……
150,同列。（那种情况，就像特异点……）
149,而且，他们不断引发\n原本发生可能性\n极低的事件。
148,诶！？
147,米莉和维尔只要存在\n就会破坏空之世界。\n因为实在是太强了。
146,明白。（在欧罗罗伽亚\n的作业完成之前，我们来解释吧）
145,那个……\n是不是该解释一下了？
144,再稍微一点就好了～\n定着几乎完成了！
142,请带回去吧。\n……已经不需要担心崩溃\n的问题了吧，欧罗罗伽亚？
141,唉……算了，已经过去了。\n六龙的各位，我把他们\n带回去了，可以吧？
140,对不起～……
139,对、对不起……不……\n利姆露，我错了。虽然好奇心\n占了上风，也是我轻率了。
138,真的很担心你们啊……
137,等、等一下，米莉姆！？\n太过分了！\n你明明也玩得很开心！！
136,是、是这样的！\n所以都是拉米莉丝的错！\n我没错的！
135,呃，那个……\n是我做的……\n为了让师父们消磨时间……
134,随机移动吗？\n说起来，那道门……\n是什么样的东西？
133,是、是这样的！\n本来只是随机移动\n到处飞来飞去玩而已……
132,呃，那、那个……就是……\n没想到会去异世界……\n真的只是偶然……
131,不，比起这个为什么\n擅自去了异世界！\n至少应该打个招呼吧！
130,我记得你们两位\n没有那种技能啊……
129,那个利姆露大人的赝品\n是怎么制造出来的？
128,啊……
127,别说恭喜！！\n给我解释一下！！
126,我也是呢！\n试炼完成了——！\n恭喜你，利姆露～～～！
125,哇哈哈哈！！\n不愧是我最好的朋友！\n我很满足！
124,我觉得这算是作弊……\n在我们那个世界也不存在这样……
123,姬塔小姐和露莉亚小姐才厉害。\n能同时召唤出那么强大的存在。
122,再次看到真是厉害啊！\n利姆露的那个能力！
121,呼……总算解决了……
120,被妖气包裹的巨大利姆露史莱姆，被利姆露瞬间吞噬。
106,被——打——败了……
105,从利姆露身上溢出的黑色妖气将巨大的利姆露史莱姆包裹起来。
87,有点像是吃掉自己让人不爽！\n死心吧！ 『暴食之王』！！
86,嗯，谢谢！！\n露莉亚小姐，姬塔小姐！
85,好嘞！\n上吧，利姆露——！
84,被火焰龙卷风封住，巨大利姆露史莱姆停止了动作。
83,好热，快要融化了～……
82,哦。\n居然连火焰都能操控。
81,提亚玛特制造的风和科罗萨斯产生的爆炎结合，形成了烈焰龙卷风。
80,接着钢铁巨人现身，挥舞着炽烈燃烧的剑。
68,…………！！
63,来吧，科罗萨斯……！
62,没问题！\n旋转的火焰，净化万物！
61,但是，还没\n能完全阻止\n它的动作呢。
60,哦……！！\n召唤了与我同等……不，是更强的\n风之力的操控者！
59,行动不便～……
56,她挥动手臂，身后的龙们齐齐吐出风的团块。
55,回应露莉亚的呼唤，风的守护者降临。
54,────！
44,提亚玛特！！
43,咆哮的风，生命的承载者！\n拜托，请借给我力量！
42,明白了……！\n姬塔，行动吧！
41,大概……不！\n我会想办法的！
40,让它动不了就能解决了吗，利姆露！？
39,可恶，明明是那样的巨体却\n如此敏捷……\n没有机会使用『暴食之王』！
27,利姆露他们躲避着猛攻，寻找反击的机会，然而──……
11,巨大利姆露史莱姆一边踩碎斗技场的地板，一边逼近苦于进攻的一行。
10,加速前进～～～！！
9,（多半是偶然吧……）
8,……嗯！！
7,……是这样吗？
6,哇——哈哈哈哈！
5,该死，这也是计划的一部分吗……！
4,不行的，利姆露大人……！
3,可恶，虽然知道是赝品\n但样子和我主一模一样。\n真不好攻击……！
2,这还真是……棘手啊。
1,颤颤巍巍～！！
0-synopsis,一行击败了巨大利姆露史莱姆，顺利完成了所有试炼。随后，六龙揭示了真相。他们所设下的试炼不过是名义上的，目的是为了拖延时间，以确保米莉姆和维尔德拉能够稳定存在于这个世界，不会破坏空之世界。随着米莉姆和维尔德拉的稳定，二人终于获得了自由，事情似乎尘埃落定。然而，米莉姆和维尔德拉留下了不祥的话语，突然从场地上消失了。
0-chapter_name,结局1